NAME : input.0.tour
COMMENT : Length = 0
COMMENT : Found by LKH [Keld Helsgaun]
TYPE : TOUR
DIMENSION : 10816
TOUR_SECTION
1
521
10505
10510
9678
9158
7702
7286
6974
9054
10406
10302
10094
9574
9262
9782
10614
10198
9470
9366
9367
9679
9575
8743
7911
8119
8015
6975
7807
7703
7495
7079
7183
9055
8951
8327
7391
7287
6663
7599
6767
5415
5311
4999
4479
3959
3751
6455
6871
6351
5519
4791
6143
6559
6247
5935
5727
5831
6039
5623
4687
4375
4271
3543
4063
3335
3439
3023
2503
2295
2298
2194
1986
1778
1674
1466
1362
218
114
10
21
18
3
211
2187
2083
1979
1043
627
625
937
1145
1873
2289
2393
2497
2705
2809
2913
2185
3953
3849
3745
3537
3329
3017
3433
3225
1977
1665
1561
1457
729
209
1353
2081
10713
10193
9985
9986
9882
9778
9674
9466
9258
9154
10610
10298
8842
10506
10402
10194
10090
8946
8634
8426
9050
9362
8530
8322
8114
7906
7698
7490
6450
6346
5826
6242
8738
8218
8010
7802
7282
7074
6970
6554
7594
7386
7178
6762
5930
6866
6658
6138
6034
4994
3850
4786
5410
4890
4578
3954
3538
3122
2498
2082
5514
5202
5098
4682
4266
3746
5618
5722
5306
4474
4370
4162
4058
3434
2914
3018
3642
3330
3226
2394
2395
1563
1562
1458
314
318
1774
1566
1462
1465
1985
1153
945
529
526
942
940
1252
1253
2605
1773
1461
941
837
2293
1877
1565
629
1045
317
324
316
732
1564
1980
2292
2604
2916
3124
3436
3540
3228
3956
3020
2396
2812
3748
2708
1668
1772
2188
3332
4476
4580
5100
4268
4684
4788
4996
5516
3644
3852
5204
5308
5412
5620
6348
6660
4060
4164
4372
4892
6244
6036
5724
5932
6452
7076
6764
7180
7284
7388
7492
8012
8324
7596
6556
6972
7908
8220
5828
6140
6868
7700
7804
8740
9260
8116
8115
8323
8635
8843
8219
8739
9571
9883
9259
9051
7803
8427
8531
8947
9363
9987
10299
9467
9779
10091
10403
10715
10507
10195
9675
9155
731
736
840
1152
1360
1048
1256
1568
1672
1671
1775
1879
2191
2399
2397
2501
3749
2917
1669
2085
2709
3125
3333
3541
3853
3957
4477
4061
2813
3021
3437
4581
1981
1357
2189
3229
3645
4165
4269
4373
4685
4893
6141
7077
7597
4997
4789
5309
5517
5621
5101
5413
5829
6661
6765
6869
7181
7909
5725
6037
6245
6349
6557
6973
7389
7493
8117
8949
9781
10301
9053
5205
5933
6453
7285
7805
8221
7701
8637
8325
8429
8428
8532
8844
9052
9468
10716
8948
9156
9780
9988
10092
10404
10196
8636
9676
9364
10508
9572
9570
10714
522
2
4
6
5
213
210
730
1042
1874
1978
1770
2810
1354
1666
1146
1157
1154
1258
842
634
946
944
1464
8
13
15
9
425
417
833
932
1868
1556
412
413
1037
933
934
1350
1246
310
309
308
304
10704
10706
10602
9874
9562
10290
10498
10082
9770
8834
9250
10394
8626
7170
7171
9667
8419
9355
9251
9147
9043
8939
8627
8107
7899
7795
7483
8211
6443
6235
7379
7275
7067
6339
6027
5819
6859
7587
6963
6651
6547
6131
5923
5715
5299
6755
9563
5611
5507
5195
4883
2179
5091
4675
4571
4363
4051
3531
3427
3115
3011
4467
3947
3843
4987
5403
4779
4259
4155
3635
3739
3323
3219
2803
1451
1971
1867
2491
2699
2595
2387
2283
2075
1763
203
411
515
723
635
626
938
2186
2290
2706
2602
2601
3641
5409
5513
5825
6657
6969
105
1249
313
315
939
523
7907
7491
7283
6867
6347
5827
5723
5619
7595
7387
6451
6243
6035
5411
7075
8011
7699
7179
6971
6763
5515
5203
4475
3851
3227
4267
4995
4059
3955
3019
4891
4683
4579
5307
6659
6555
6139
5931
5099
4787
4163
4371
3643
3435
3331
2603
3539
3747
3123
2915
2811
2291
2707
2499
2500
2084
1876
1356
628
631
3231
1567
1047
1463
1151
215
212
1460
1148
836
1044
1041
1140
1452
1972
2076
2284
2388
3116
3220
3636
3532
2596
2908
2180
2492
2700
2804
3012
3324
4260
4988
5508
6132
100
103
519
1039
1351
1455
2183
623
621
3429
3741
3740
4468
4676
5196
5300
3428
3948
4884
1660
3844
4052
4156
4364
4572
4780
5404
5612
5820
6028
6756
6860
7276
7484
7796
8004
5092
5716
6340
6548
7068
6652
7172
9980
9356
7588
7900
8212
8316
8732
8628
8524
9044
5924
6236
6444
6964
7380
7692
8108
8420
8836
9252
10396
10292
10291
9459
9979
10603
10499
7691
8003
8315
8523
8731
8835
9771
9875
10187
10395
10811
10707
10083
99
101
829
1245
2181
2701
1349
725
1453
1141
1557
1765
1973
2077
2597
2805
3221
3949
4053
4157
3637
2909
3533
1661
1869
2285
2389
2493
3013
3117
3325
4261
4573
5197
5821
5925
5405
4677
4885
5301
4469
3845
4781
5093
5717
6133
6029
4365
4989
6237
6341
6757
6445
6549
7277
7485
7589
7381
7173
7901
8109
8421
8525
8837
8941
9045
9253
5509
5613
6653
7693
6861
6965
7069
7797
8005
9149
9877
9981
10293
10501
10813
9773
8213
8317
10397
10189
9669
8629
8733
9357
9461
9565
10709
10605
10085
10084
9668
8940
9148
9460
9564
9772
9876
10188
10500
10812
10810
306
311
1143
1559
831
830
1038
1766
1870
1662
2806
2910
2598
726
1142
1454
1558
2078
2494
3118
3430
4886
5094
4158
3638
3742
3846
2702
3014
3950
4262
2286
2390
3222
3326
3534
4054
5198
4574
4678
4990
5406
5614
5302
6134
4470
4366
4782
5718
5822
6030
6238
6758
7070
7278
7382
8422
8734
8838
6654
6342
6550
6966
7174
7798
7902
8006
8318
8526
8942
9254
9358
9774
7486
8214
8630
5926
5510
6446
6862
7590
7694
8110
9046
9462
9670
9878
10814
9566
9982
10190
10398
10502
10086
9150
10710
10294
10606
10604
10708
1036
1040
1976
1975
2079
1871
2911
3015
3119
2391
2495
2703
3223
3951
4159
4367
4471
3431
3535
2287
2599
2807
3639
3743
4055
5511
5303
3327
3847
4263
4679
4887
4991
5407
5199
7279
7383
7799
7071
4575
4783
5095
5927
6031
6239
6967
7591
5719
5615
6343
6447
6655
6759
6863
7175
5823
6135
6551
7487
8007
8215
8839
10191
10711
9255
7903
8111
8423
8631
8735
9047
9567
7695
8319
8527
8943
9151
9359
9879
9671
9463
9775
10087
10295
10399
10503
9983
727
728
832
1144
416
208
624
936
1248
1352
1768
2288
2392
1456
2080
2496
2704
3328
3536
1664
1589
549
445
447
442
10530
9698
8554
9178
10322
10218
10010
9594
10738
10426
8762
8138
7098
6890
7306
8034
9282
9802
9490
9386
9074
8866
8450
8242
8243
7827
6995
6787
5955
5851
5331
4603
4187
3667
6683
7203
6579
6475
5643
4915
4811
3979
3771
3563
3355
2731
2627
5747
6267
6163
6059
5435
5227
5123
5019
4395
4083
3875
3459
3147
3043
3251
2315
2211
1691
2939
2419
1275
1276
4188
3252
3044
2212
2214
2630
2526
1486
1382
966
1278
1798
2110
1902
1070
862
860
652
651
1171
547
2107
1899
4291
2835
2523
2003
1587
1067
1795
1483
1379
963
859
235
238
1174
1176
760
756
1068
548
132
28
1588
2004
1172
1165
10525
10529
10425
10217
10113
10321
9593
10009
9801
9697
9281
9073
9489
8969
9385
8553
6993
8449
8761
8241
8137
8033
7825
7513
7514
7930
7722
7826
7410
6578
6266
6058
8658
8970
8346
7618
6994
6682
5642
7202
6370
6162
5434
6786
6474
5954
5850
5746
4914
4290
3874
3770
5018
5330
4810
4706
4394
3146
4602
5122
4186
4082
3562
3250
3042
2626
1794
1170
3666
3458
3354
2834
2730
2314
1898
2106
5538
5226
4498
3978
2522
2418
2002
1690
1378
1274
26
25
8657
7721
7409
6057
5225
5745
6889
6473
6161
7201
9177
8865
8345
7929
7617
6681
6577
6785
7305
7097
6369
5537
5433
4913
4809
4705
5953
5641
4185
5017
4601
4497
4393
3769
3665
6265
5849
5329
5121
4289
4081
3873
3457
2625
3977
3249
1585
1586
1066
2938
2210
1482
962
754
758
1590
446
654
342
328
10416
10424
10632
10528
10112
8864
8136
9904
9696
9800
10216
10008
9488
9176
9072
10736
10320
9592
8760
9384
9280
8968
8656
8448
8552
8240
8032
7928
7824
7512
7200
6992
6888
5744
6368
7408
7304
6784
6680
8344
7720
6160
6056
5848
5640
5432
5120
5224
6264
6576
7616
7096
6472
5952
5328
4808
5016
4496
3352
3353
3561
3145
3041
2937
2833
2417
2729
2521
2105
1793
1169
1273
1065
961
965
341
29
24
4912
4704
4600
4392
4288
4080
3976
3040
2936
2416
2312
3248
5536
4184
3560
3456
2000
1792
2208
3144
2520
1376
1377
2313
2209
2001
1897
1481
753
757
755
751
10631
10423
10319
10111
9487
9279
8655
9591
10735
10527
10007
10215
9903
9695
9383
9175
9071
8967
8863
8239
8031
8759
7615
7511
7407
7303
7719
6887
7095
8551
8135
7927
7199
9799
8447
8343
7823
6783
6055
5639
5431
5015
4807
5847
6991
6471
5535
5223
4287
3663
5327
6367
6263
6159
5743
5119
4911
4495
4391
4703
6679
6575
5951
4599
4183
4079
3975
3871
3559
3351
3247
2831
2311
2207
2623
3767
3455
3039
1791
1271
1272
2728
3872
3768
3664
2832
2624
1688
1480
2104
1896
1584
1168
1064
960
440
336
339
131
126
10526
10422
9798
9590
9486
9278
10214
10630
10110
9902
9174
8758
8342
8238
8862
10734
10006
9694
8446
8966
8654
9382
10318
9070
8550
8134
7926
6782
6470
7198
8030
7614
6678
7822
7718
7510
7406
7302
6990
6886
6574
5638
7094
6366
6262
6054
5742
5430
4910
4494
5950
5326
5222
4702
4598
5014
4806
4390
3558
5846
6158
5534
5118
4078
3974
3246
3142
3143
2935
2103
1687
1583
1479
1375
335
1895
1999
1167
1063
543
546
130
128
856
752
745
10521
10523
9587
10419
10627
9899
9483
9485
10733
9693
10317
10421
9797
9277
9069
9589
10109
10005
9173
8861
8133
8341
7717
10213
10629
9901
8965
8653
8237
8029
7925
7509
7821
7197
6053
5845
9381
8757
8549
8445
7405
6781
6573
6365
6261
5741
6885
7093
6989
6677
5949
5013
4389
4181
4077
3869
5637
5429
5221
6469
7613
7301
6157
5533
5325
5117
4805
4493
3973
3765
3245
3141
2725
2621
4909
4701
3661
3349
3037
2829
1893
1685
853
541
559
143
140
556
558
550
535
10727
10415
10420
10628
10108
9172
8340
8132
10316
9796
9692
9588
9380
9276
9068
8964
8860
8652
8548
9484
10732
10212
9900
8756
8028
6052
5740
7508
10524
10004
8444
7820
7716
6364
6156
5948
7612
7404
6676
8236
7924
7300
7196
7092
6988
6884
6780
6572
6468
5844
5532
5428
5324
6260
5636
4908
4388
4180
4182
3454
3350
2414
3038
4286
3870
3766
3662
2830
2310
2206
1166
2934
2726
2727
2519
2415
855
854
1478
1270
2622
2518
1998
1790
1374
1062
1056
8752
8440
9688
9896
9584
9480
9482
10730
10522
9586
9378
9274
9275
8963
8027
7403
7299
10315
10211
10107
9379
8547
8235
8131
7715
9171
8651
8443
8755
10731
10003
9795
9691
9067
8859
8339
7923
7819
7507
7195
7091
6779
6467
7611
6987
6675
6571
6363
5947
6883
6155
5843
5739
5635
5323
5219
4699
6259
6051
5427
5011
4907
4283
5531
5115
4491
4387
4075
3555
3347
3139
4179
4595
3763
3764
3972
3660
3452
2516
1268
5116
4492
4076
3556
5220
4700
4596
4597
4285
3557
3453
2933
2413
2205
2517
2309
1269
125
124
5012
4804
2828
3244
3036
2932
2620
2204
1892
1894
2102
1686
1689
649
632
10720
9784
10512
10517
10413
10417
10001
9793
9689
9273
9065
8961
8545
8546
8442
10418
10314
9170
9690
10106
10002
9898
9794
7610
7506
7298
6986
6882
5946
7818
8858
8026
7714
7090
8754
10626
10210
9066
8962
8650
8338
6674
7194
8234
8130
7922
7402
6466
6778
6154
6050
5842
5634
5530
5426
5322
4906
4802
4178
3866
3658
5738
5114
4698
4386
4074
3450
2722
3970
6570
6362
5010
6258
5218
4490
4282
3762
3346
3242
3554
3034
2930
1994
1370
1162
3138
2826
2618
2619
3451
3035
2203
2931
3867
3868
4284
3348
3140
2724
2412
1788
1789
1997
1581
1061
1072
1054
10622
10624
10728
10520
8648
8232
7608
7400
7296
7192
8960
8856
9272
10312
10208
10104
10000
9792
9376
9377
10729
10625
9897
10105
10209
9585
9169
7713
7193
6881
6153
6673
8753
8441
8337
8129
8025
7609
7921
10313
9481
8857
8649
8233
7817
7505
7401
6777
5841
6569
7297
6465
6257
7089
6985
6361
5425
5217
5009
4801
3345
6049
5945
5633
5529
5321
4697
4281
4177
4073
5737
5113
3657
3241
4905
4593
4594
2514
1058
1060
1476
1996
2308
2100
852
1684
1580
1372
1164
644
650
858
857
337
332
331
1787
1579
1267
1163
4803
3971
2827
1995
2515
2411
123
137
129
122
746
954
955
1891
1475
2099
3659
3243
2723
2307
1683
435
444
340
236
234
338
334
958
646
653
648
642
434
436
956
952
8336
7816
9168
9064
8128
7920
6880
6776
6568
6464
6360
5632
5528
5008
4800
4696
7712
7504
6984
6672
6256
5944
5840
7088
4176
8544
8024
6152
6048
5736
5424
5320
5216
5112
4384
4385
4489
3761
3969
3865
3137
2617
2721
3553
3449
2929
1889
3033
2825
2513
2305
2306
2410
2098
1890
1786
2202
1682
1578
330
538
544
539
1371
1373
2101
1477
749
750
1582
22
49
46
45
39
38
36
23
439
421
419
520
1560
1872
2184
2912
3016
3224
3744
4472
4368
2808
3120
3848
4264
4888
4992
2600
3432
3640
4056
4160
5200
5408
5720
5824
6344
6656
6552
4680
4784
5096
5304
5512
3952
4576
5616
6136
5928
6032
6240
6448
6760
7384
8112
7904
6864
7176
7280
8424
8840
8944
9048
7488
6968
7592
8632
9152
9256
9360
9464
9568
10088
10192
9672
10712
7072
7696
7800
8008
9776
9880
10400
10608
10296
10504
8216
8320
8528
8736
9984
10816
10815
10607
10548
460
420
524
525
527
735
733
109
106
1250
834
870
873
868
2532
2220
1388
2324
2636
2116
2117
3989
3885
3677
3469
2845
2741
3261
3053
2949
2952
872
1288
3160
2224
1912
1808
1704
1600
1392
1080
40
34
10538
10018
9914
9810
9498
9394
9290
8458
10226
10330
10642
10746
10434
8770
10122
9706
8666
8250
8042
8146
9602
9186
9082
8978
8874
8562
8354
7522
7002
7938
7210
7106
7107
6899
6795
6587
5443
5339
5131
5027
5651
5963
5859
5755
5547
5235
4715
4611
4403
4091
3987
3779
3363
2531
2011
3259
3155
2947
2843
2635
2219
2221
2637
2638
1598
1494
1286
1289
769
665
561
552
9392
9288
9289
10329
10225
9913
9185
8977
8769
8561
8145
8249
10641
9601
9497
9393
8873
10433
10121
10017
9809
9705
9081
8041
7833
8457
8353
7937
7625
7209
7521
7313
8665
7417
6169
5961
5962
7834
7730
7626
6690
6586
5546
4922
5858
6066
6378
7418
7314
6794
6274
5754
5650
5130
5026
5338
4506
4194
4090
3986
3674
6898
6482
6170
5442
5234
4714
4610
4298
3778
3466
3154
2738
2426
2428
1908
1909
2533
2536
2328
2120
2016
144
146
151
148
668
662
2014
1806
1182
1078
350
353
457
459
1083
1074
3882
3883
3467
2427
2323
1595
1491
1179
1180
1804
1700
1702
1390
974
766
770
1290
1283
1699
867
139
3051
3675
3571
1803
1805
1493
3157
2429
2325
1597
765
453
449
5441
5233
5025
7105
7729
6897
6689
6481
5857
6377
7001
6793
6585
6065
5649
5545
4817
4401
3153
3049
2841
6273
5129
4089
3881
5753
5337
4921
4609
4193
3985
3673
3465
4713
4505
4297
3569
3361
2633
2634
4818
4402
2842
3258
3570
3050
2530
2322
554
557
141
135
10743
10431
10223
10015
10016
10328
10120
9912
9808
9704
9184
8872
8768
8560
8456
7624
7728
10224
9600
9496
8248
8040
10640
9080
8976
8664
8144
7520
8352
7832
7104
6896
6480
5856
6064
7416
7208
7000
6376
7312
6792
6688
6584
5960
7936
6168
4816
5648
6272
5544
5440
5232
5128
4400
5752
5336
4504
5024
4920
4712
4608
4296
4088
3776
3777
3257
2321
2113
2108
10740
10428
10430
10638
10534
10222
10118
9806
9807
9495
9287
9079
10639
10327
9183
8767
8871
10535
10119
9703
9391
8143
6999
7519
8559
8455
8351
7831
7727
8039
7623
7415
7103
6791
6583
9911
9599
8975
8663
8247
7935
7311
6375
5751
5543
5855
6063
5959
6479
7207
6687
6271
5439
5335
6895
6167
5647
4919
4503
4399
3983
1903
5231
4607
4087
3879
4711
5023
4295
5127
4815
4191
3775
3151
2735
2527
2423
2319
2320
3568
3880
3360
3152
2528
1280
1285
2013
1701
1181
973
349
245
246
142
138
3362
2946
1178
970
1594
2114
1802
1698
1906
2218
2010
1386
1387
1389
1077
869
865
2737
2945
2529
1697
1281
1282
1490
1489
1905
1907
2115
971
555
243
1075
763
659
664
352
351
455
456
452
454
451
347
346
345
1801
1593
2217
2425
2009
1385
1073
1076
972
1492
2012
244
241
657
33
31
3671
3567
3359
2631
3047
3463
3464
4192
3984
3672
2216
1592
968
32
1696
3256
2840
2008
1800
1488
1384
2424
3048
2944
2736
2632
2112
1904
864
448
344
136
133
10637
10741
10221
9805
10429
10013
9701
9702
10326
9910
9598
9494
9286
10014
10742
9390
8662
9182
9078
8974
8350
8142
7830
8766
7310
7206
7934
8870
8558
8454
8246
8038
7518
7622
7102
6998
6894
6790
6686
6062
4502
4398
3982
4814
6582
6478
6166
5854
5542
7726
7414
6374
6270
5958
5750
5646
4918
4710
4606
5334
5438
3670
3566
3150
2734
5230
5126
5022
4086
3774
3462
4294
4190
2422
3254
3046
2942
2318
2006
2838
3878
3358
1694
1695
1279
1284
1596
764
660
658
866
762
450
242
237
10117
9493
9389
8869
8037
7621
7517
9597
8661
9285
8973
8557
10533
10325
9909
9181
9077
8765
7933
7309
8453
8141
7829
7725
7205
7101
6789
6581
6373
6997
6269
6165
5853
6685
7413
6893
6477
5957
5645
4709
3877
5333
5749
5541
5437
5125
4397
8245
8349
6061
4605
4501
4189
4085
3773
4813
5229
5021
4917
4293
3461
3357
3253
3565
3669
3045
2941
2943
3255
2839
2215
2111
1591
1175
2007
1383
1071
759
239
233
10633
10636
10532
10324
10012
9908
9388
8764
8660
10116
10220
9700
9596
8972
8868
8452
8140
9804
9492
9180
9076
8036
7932
7828
6892
6580
8348
9284
8556
8244
7620
5956
5748
5436
6476
7724
7308
7412
7516
6788
6684
6268
6164
6060
5852
5332
6372
7204
7100
6996
5540
4916
4604
5228
5124
5020
4812
4708
4084
3980
3772
3668
3460
3564
5644
4396
3356
2316
1900
2628
3148
3149
2733
2629
2421
1797
1693
1277
3981
2005
1069
1381
2837
2525
2213
2109
1173
861
863
343
1487
1799
655
967
969
1177
761
553
551
545
10737
9905
9906
10634
10114
10115
10427
10323
10739
10635
10011
9803
9491
9283
8867
8763
7515
6891
6371
7619
10531
10219
9907
9699
9179
8659
8555
8451
8347
8035
7723
9387
9075
8971
9595
8139
7931
7411
7307
7099
5539
4707
4499
4500
4292
3876
2940
2836
2732
2524
2420
1692
1380
1796
964
1484
1485
2317
1901
1910
2326
2430
2118
2222
2742
2846
3470
3054
3158
2950
2948
2844
3052
3572
3676
3988
4300
4299
4195
4507
6067
6171
6275
6379
6483
6691
7315
7003
4819
4923
7523
7835
7419
7731
8043
8355
8563
8667
9603
9707
7939
8147
8251
8771
9083
9395
7211
7627
9187
9291
10227
10747
10123
9811
9915
10331
10435
8459
8875
8979
9499
10643
2739
2743
2740
3884
4716
5340
5652
4404
4508
4820
5028
3780
3156
3260
4092
4196
4924
5236
5444
5756
5860
5964
6380
6276
5548
6588
7004
5132
3364
3468
4612
6172
7108
7524
7836
7940
8148
8252
6796
6068
6484
6692
6900
7212
8044
8356
8980
7316
7420
7628
7732
8460
8668
9708
10540
9084
9396
9812
8564
8772
8876
9500
9604
9916
10228
10124
10332
9188
9292
10436
10020
10019
10539
10537
10745
10744
656
667
1603
1811
3267
3262
4094
4198
3366
3365
3573
3781
4613
4821
4093
4197
4405
4717
4925
4301
5341
5653
5757
5861
6173
4509
5029
5237
5445
5965
6381
6485
8669
7733
6277
5133
5549
6069
6589
6797
7109
7317
6693
7005
7213
6901
7421
7525
7629
8149
8357
8461
8565
8877
8253
7941
8045
8773
9085
9605
9293
10333
661
663
975
247
251
979
977
976
768
767
1495
1911
1079
1183
1287
1599
1703
1391
871
2327
1807
2223
2847
3055
2431
2015
2119
3263
3783
2535
2534
3678
3990
4302
4510
4614
3782
3886
3574
4406
5342
6070
5446
5862
5134
4822
4926
5550
5654
5758
5966
6486
6590
6694
6278
6902
7006
6382
7630
8046
7214
7734
8150
7318
7422
8566
8878
9294
8774
4718
5030
5238
6174
6798
7110
7526
7838
7942
8254
9190
9606
8358
9086
8982
8981
9189
9397
9501
10021
9813
7837
9709
10125
10229
10437
10749
9917
10645
10644
10748
348
358
566
565
149
145
1705
1497
1081
1393
1601
1809
2121
2329
1913
2433
2745
3057
3161
3473
4201
3993
3991
4303
4511
3575
2951
3159
3367
3471
3887
4199
4407
5967
6175
5343
3679
4927
5031
5447
5551
4719
4615
5239
5759
5863
6071
6383
7111
7423
5655
6591
6279
2639
4095
4823
5135
6487
6799
6903
7215
7735
8671
6695
7007
7319
7839
7943
8047
8151
8255
8359
8463
8567
8879
9191
9503
9607
10023
9295
7527
7631
9399
10647
10127
10231
10439
10543
9919
8775
8983
9087
9711
10751
10335
9815
9814
10022
9918
8462
8670
9710
10438
10750
10334
10126
10646
9398
9502
10230
10542
10536
10432
240
250
1186
1184
1496
2432
2744
2848
3888
4096
3992
3056
3368
3264
2640
3784
4824
5032
5240
4928
4200
4304
4616
5760
3576
3680
5136
5344
5656
6072
6280
6800
7216
7112
7736
4408
3472
4512
4720
5448
5864
6176
6384
6488
6592
6696
6904
7008
7320
7528
8672
8152
8048
7424
5552
5968
7632
7840
8256
8568
7944
8360
9920
10232
10128
8984
9504
9088
9192
9712
8880
8464
8776
9296
9400
10440
10544
10541
37
43
48
50
66
51
363
354
562
458
461
981
978
1498
1602
1706
1810
1914
2226
2225
2641
2849
2953
3369
3681
4409
3577
1185
2017
2537
3265
3785
3889
4097
4513
6073
4721
4617
4825
5033
5137
5865
6281
6489
5345
5241
5553
5657
7321
5969
4305
4929
5449
5761
6593
7113
6801
6697
6905
7009
7217
6177
6385
7633
7945
7425
7841
9089
8257
8049
8465
8569
8985
9297
9505
7737
7529
8361
8673
8777
9401
10337
8153
8881
9193
10129
10233
10441
9713
9817
10753
10025
9921
9609
9608
9816
10024
10336
10752
560
564
876
874
1082
2330
2434
2538
2746
2850
2954
3578
3474
1394
2018
2122
3162
3370
4098
4306
4410
4826
5554
2642
3266
3994
3058
3682
3786
5242
5346
666
670
1502
1499
1915
1187
147
563
771
1291
1395
1707
2123
2227
2539
2851
2955
3475
4099
3059
2435
3787
4411
5971
6491
7219
3163
2019
2331
2643
2747
3579
3683
3995
4619
4723
4931
3371
4203
4307
4827
5035
3891
3890
4202
4514
4618
4722
5034
5138
5866
6490
5970
5450
5658
6386
6594
6698
7010
4930
5762
6178
7114
6282
6074
6802
6906
7322
7426
7738
7842
7946
8362
8778
9402
8986
8050
7218
7530
7634
8154
8258
8466
9090
8570
8674
8882
9298
10026
10754
10234
9194
9506
9610
9818
9922
42
47
44
772
1084
1292
1396
1812
2228
2332
2852
2956
1188
1604
1708
2020
2124
252
253
1293
1605
1709
1917
357
359
983
1295
1607
463
468
260
254
982
980
2644
3372
356
1500
1916
2436
2540
2748
3268
3060
3164
3580
3788
4100
4204
4308
4412
5140
5556
5868
5972
5244
3476
3892
4828
4516
4515
5555
5243
5139
5347
5451
5659
6803
7427
5867
5763
6075
6179
6283
6387
6699
6907
7011
7323
7635
7947
9091
6595
7115
7843
8259
8467
7739
8363
8571
8779
9299
10131
8675
8883
9611
10443
9195
9403
9507
9923
10027
10235
8987
7531
8051
8155
875
878
1190
1398
1814
1086
1085
3061
3477
3685
3684
5348
5660
5764
6076
6908
7012
7220
4932
5036
5452
6700
7324
6804
3996
4620
4724
6180
6388
6596
7428
7532
7844
8884
8468
6284
6492
7116
8260
8156
7740
7948
8364
7636
8052
8572
8780
9404
9196
8676
8988
9508
9612
9092
9300
9924
9820
9819
9715
9714
10130
10442
10650
10648
248
261
258
570
882
674
671
1191
1711
1815
2023
2022
2958
3374
3478
1710
2126
2230
1294
1918
2750
3062
3998
4518
3270
1606
2334
2646
2854
4414
4622
4934
5246
462
464
776
880
877
1397
1813
1501
669
773
1189
2229
2333
2437
2645
3789
3893
4205
4413
4621
4829
4933
3581
2541
2749
2957
2125
2021
2853
3165
3373
3997
4101
5245
5765
5973
4309
4517
4725
5037
5349
5661
6077
5869
5141
6805
6909
3269
5453
5557
7013
7325
7741
6493
7117
7533
6181
6285
6389
6597
6701
7429
8781
8053
8573
8677
8989
9093
9613
10653
7221
7637
7845
7949
8157
8261
8365
8469
8885
9301
9925
10757
9197
9405
9509
10029
9717
9821
10133
10237
10341
10445
10549
10547
10651
355
362
361
673
672
1400
2128
984
1192
1608
152
153
465
777
881
1193
1297
1921
1089
1088
2336
2752
2544
2856
2648
256
1296
1504
1712
1920
1919
2335
2959
2855
255
775
879
1503
2231
3063
3375
3791
3999
4103
2439
2438
2542
3166
3582
3894
3790
3686
4102
4206
4830
5142
5454
6182
6286
4310
5038
5350
5558
5662
5974
4726
5766
6806
7118
6598
6390
6494
6702
7430
7534
7742
7950
5870
6078
6910
7222
7326
7638
8470
8990
8054
7014
8158
8574
9302
9926
10238
8262
8366
8886
7846
8678
8782
9822
10030
10028
10652
10132
10340
10444
10236
9716
10756
10755
10339
10338
10546
10545
10649
249
259
467
675
883
1611
779
778
466
1298
1090
1093
1087
1399
2127
2543
2751
2647
3271
3479
4415
3583
3687
3167
4207
4311
567
575
263
257
985
986
2234
1818
1402
2650
2962
3066
1506
1505
1713
2545
2337
1401
1609
2025
2129
1817
1816
2232
3064
3688
4104
3584
4000
4208
4624
3376
2024
2440
2960
3168
3272
3792
3896
3895
4831
4727
4519
5247
5663
5871
4623
5143
5559
5351
6287
4935
5039
5455
5767
6079
6391
6599
6807
6911
7119
7015
7223
7847
8159
8263
5975
6183
6495
7431
7639
8055
8367
10343
8783
7743
7951
8575
8679
7535
6703
7327
8471
9303
9407
10239
10759
9511
8887
9615
9719
9823
9927
10031
8991
9199
10135
10447
10551
10655
9095
9094
150
156
364
572
571
1299
1403
1507
1195
1194
1610
1714
1922
2026
2130
4418
3378
3377
2233
2441
2857
3169
2753
3689
2961
2649
3065
3793
3481
3585
4105
4729
4728
4832
4936
5040
5144
5560
5976
6080
6808
6184
4312
4520
5248
5456
6600
6912
7120
6288
5768
5872
6392
6496
6704
7432
8472
8992
9408
9720
9928
10760
10240
7016
7848
7952
4416
3480
5352
5664
7536
7640
7328
7224
8056
8888
9200
9616
9096
8160
8368
8576
8264
7744
8680
568
574
54
56
368
576
1096
1824
160
168
155
987
1715
1923
2131
2235
2443
2547
3067
3171
4211
2651
3899
2755
2754
3274
4002
4001
4521
4937
5249
5353
5457
6081
6497
6601
3273
3897
4209
4313
4417
5145
4625
6185
6289
5769
5561
5041
4833
5665
5873
5977
6393
7121
6809
6705
7225
7745
7953
8681
8057
7329
7433
8265
9513
9305
7537
7641
7849
8161
6913
7017
8473
8889
8785
8784
9304
9824
10552
10656
9512
10032
10136
10448
10446
10654
10134
10550
9614
9198
9406
9510
9718
10342
10758
774
780
884
1300
2132
2444
2652
1404
1092
1196
1612
2028
2340
3484
3588
3586
3794
4730
5666
2338
2442
2546
2858
3170
3482
3690
3898
4106
5458
4314
4210
4834
5146
5042
4522
4626
4938
5562
5978
6082
6394
6498
5874
5250
5354
6186
6602
6914
7226
7330
7642
8058
8266
8578
5770
6290
6810
7434
7954
6706
7018
7746
8162
8682
8890
8994
9098
9306
9410
9202
8474
9514
9826
9930
10034
10554
7122
7538
7850
8786
10346
10450
8370
8369
8577
9825
9929
10657
9097
8993
9201
10553
10033
9409
9617
10137
10241
10345
10344
360
369
1305
161
163
475
1099
1091
1819
2027
2859
3379
2339
2963
3275
3795
3587
3483
3691
4003
4107
4419
5043
4627
4523
4835
4939
5875
6187
6395
6499
6915
7019
7851
7123
5355
5563
6603
6707
7747
8787
8683
4315
5251
5459
5667
5771
5979
4731
5147
7227
7539
7643
8059
8267
8475
8891
9411
8371
6083
6291
6811
7331
7435
8163
8579
9203
9619
7955
8995
9099
9515
10243
9307
10451
9723
9931
10035
10347
10555
10659
9827
10139
10763
10762
9722
9721
10449
10761
569
573
885
989
2237
2549
2861
3277
3069
53
52
1508
1716
1924
2236
2548
2756
2860
3068
3796
4108
4212
4628
4316
4004
676
681
677
1197
1301
157
158
262
782
2134
1198
2758
2966
3070
3278
4734
3382
1614
1613
1821
1509
469
781
1717
2133
1925
2029
2341
2653
1405
2445
3173
2757
3901
4005
2965
3381
3797
4421
4629
5045
4213
4525
3485
3589
3693
4109
5253
5669
4733
4732
5044
3380
2964
3900
4524
4836
5252
5356
5980
6604
6916
7020
6396
4420
5772
5876
5460
5564
3692
1820
3172
3276
4940
5148
5668
6084
6812
7124
8268
6188
6500
6708
7332
7748
8060
8372
7956
6292
7436
8476
8788
7540
7228
7644
7852
8164
8892
8996
9204
9516
9308
9100
8684
9412
9620
10036
10764
8580
988
992
1200
1304
680
679
783
55
59
58
266
682
474
470
1094
1406
366
678
1510
2030
2446
1718
1822
1926
2238
2342
2862
3174
3590
3798
4110
4214
4422
5358
4526
2550
2654
3694
3902
4630
4942
4318
4317
4837
4941
5461
6189
7645
6293
5981
7125
7541
5877
5149
5565
5773
6605
6813
6917
7229
7333
7437
7021
5357
6085
6397
6501
6709
7853
7957
8061
8477
8581
8685
8893
9517
9933
10349
7749
8165
8269
8373
8997
9101
9621
8789
9205
9413
9725
9309
10141
10557
10661
9829
9828
10348
9724
9932
10140
10452
10556
10660
10244
10242
10138
9618
10658
154
159
162
578
370
367
471
991
1407
1511
2031
2135
2343
2655
1095
1823
1199
1615
1719
3175
1927
2551
2967
3279
3487
2239
1303
2447
3695
2863
2759
3071
4111
4319
3383
3591
3799
4735
887
890
1098
1722
2138
1930
1928
2240
472
1512
1720
2136
2552
2864
2344
2032
1616
784
888
2760
2968
3384
3488
3072
2656
3176
3280
3592
4112
4320
4944
3904
4840
5360
5568
5776
4008
4007
4423
4943
5255
4527
4631
5047
5151
5359
5567
5463
5462
5774
5878
6190
5046
4006
3486
4838
5150
5254
5670
6086
6398
6606
6710
7438
7646
7854
7022
7126
7230
8270
8686
8790
7334
5982
7750
8166
6502
5566
6294
6814
6918
7542
8062
7958
8582
8894
9102
9310
9414
9934
10142
10350
10662
8478
8998
9726
9518
9206
9622
8374
10454
10453
10037
10245
10765
365
371
891
995
683
1723
787
786
994
1514
1618
1306
2970
3282
3490
1202
1201
2033
2449
2865
473
265
889
1097
993
577
1409
1513
1825
2345
2761
3697
3801
3489
1617
1721
2137
2241
2553
2657
1929
3281
3385
3593
4217
5049
4425
3073
3177
3905
3903
4215
6087
6295
6711
6191
6503
6607
5879
4839
5671
5775
6399
6815
6919
8375
7127
7543
7231
5983
7023
7751
7335
7439
7855
8063
8271
8687
8895
8999
9623
7647
8167
7959
8479
8583
9311
9207
9415
9103
8791
9727
10455
9831
10039
10038
10558
1302
1307
1411
2347
2451
2555
2139
1203
1827
267
268
372
476
478
166
167
479
63
81
65
481
2041
2034
2242
2346
2658
2762
3906
4322
4321
4945
57
64
60
164
1100
1204
1724
1932
2140
1828
1826
2450
2554
3074
2866
3386
3802
4010
4114
3178
3698
3696
4216
4424
4528
4632
4736
5672
6608
5048
5152
6192
7128
7336
2448
3800
5256
5464
5984
6088
6296
7232
6816
7752
8064
8168
8480
8584
7856
7648
6400
5880
6504
6712
6920
7024
7544
7960
8896
8688
7440
8376
9312
8792
10040
9104
8272
9000
9624
9208
9416
9728
9520
9519
9935
10351
10663
10143
10247
10559
10767
10766
9830
990
997
1725
1933
1931
2035
3491
4011
4219
4218
4530
4842
5154
5153
5257
5985
4529
4009
4113
4633
4737
4841
5673
5777
5881
8065
7961
2969
5465
5569
5361
6193
6297
6089
6401
6505
6713
7337
6817
7129
6609
6921
7025
7233
7441
7649
7857
8377
8689
9105
9521
9625
8481
8273
9209
9313
8793
7545
8169
8585
7753
8897
10353
9729
9001
9417
10561
10665
10769
9833
9832
10456
10664
1408
1412
1308
1309
1517
2141
2557
2556
684
788
996
1516
1515
1619
579
581
61
165
477
685
1101
893
892
1620
2036
2244
2243
3179
3387
3699
2659
2867
2971
3075
3283
3803
3907
4323
4427
4635
5571
5363
5362
5466
5778
5050
3594
4426
4634
4738
5674
6298
7026
6090
4946
5986
7962
7858
6402
6194
5258
5570
5882
6506
6610
6922
7546
8274
9418
9522
7338
6714
6818
7130
7234
7754
9730
10666
8794
8378
8482
7442
7650
8066
8170
8690
8898
9002
9210
9314
9626
10250
10562
9106
8586
9834
10458
10457
9937
9936
10144
10248
10352
10768
10560
264
270
1206
1205
1413
1829
2037
1621
789
2973
2765
2764
3076
3492
3180
2452
2660
2868
3388
2972
3596
3700
4220
4324
4636
4740
4844
4948
5052
5156
5676
5884
6196
6716
4012
4116
4532
4531
4843
5051
5155
5259
5675
5779
6091
6299
6195
5987
3595
2763
4115
4947
5883
6403
6611
6819
8899
9107
6715
7027
4739
5467
7339
8067
8171
8691
7755
7131
6507
6923
7651
7859
7963
8275
8379
8587
9419
9835
10043
8795
7235
7443
7547
8483
9003
9315
9627
9731
10459
10771
9211
9523
10251
10563
10667
10147
10355
9939
9938
10042
10041
785
790
998
1830
582
1102
1518
1726
2142
2038
1310
1414
62
1622
2974
3078
2766
1934
2558
2870
3182
3286
2454
2246
2245
2349
2348
3284
3804
5364
3908
4428
5260
5572
5780
6300
6404
6508
6612
9108
8172
6924
7132
7236
5988
7028
7340
7444
5468
6092
6820
7652
7756
8380
7860
7548
7964
8276
8484
8900
9732
9836
8068
8588
8796
9524
9316
9420
9212
8692
9004
9628
9940
10148
10460
10772
10252
10564
10668
580
583
999
1207
687
271
1727
791
895
2143
3287
3285
3493
4221
4429
373
382
1110
1103
1311
1519
1623
1415
1935
2247
2767
2455
2351
2559
2663
2871
375
377
689
793
1001
1417
1521
1625
169
170
482
690
1002
1418
274
275
272
584
896
2144
1104
376
480
483
1107
899
900
1316
1004
1000
1624
1728
1936
2040
2248
1208
688
792
1832
2352
2560
2872
2456
2453
3077
3181
3909
2661
3597
3701
3805
2869
3389
4013
4117
4741
4325
5157
5989
6613
5781
4949
5053
5365
5469
5677
6093
6301
4533
4637
4845
5573
6197
6717
7133
7341
7549
7861
7757
6821
6925
7237
7029
6509
7965
8173
8589
6405
5261
5885
7445
9525
10149
10773
8797
8277
8485
8693
9317
10565
10669
9629
7653
8069
8381
9005
9109
9941
10045
10357
9733
8901
9213
9421
9837
10253
10461
269
273
1729
2873
2353
2350
2662
3390
3702
4222
4950
3598
3910
4430
4742
5366
5470
6302
6510
3806
3494
4118
4326
4846
5990
5054
4014
4534
4638
5574
5782
6614
6198
6406
7030
7134
7238
9214
7862
7446
7758
8174
8902
7966
5158
5262
5678
5886
6094
6718
7654
8694
7342
6822
6926
7550
8070
8278
8382
8486
8590
8798
9318
9526
9942
10150
9838
9734
9110
9422
10670
894
906
898
1210
1938
2042
2666
2874
1314
1312
1416
1520
3080
2768
3288
2976
2975
1831
2039
3495
4015
4431
5159
3079
3391
3599
3703
3807
4535
4119
3183
3911
4223
4743
4327
5055
5679
5263
4951
5367
5471
6407
7135
5887
4639
4847
5575
6095
6511
6927
6719
5783
6303
6615
7655
7447
7551
7759
7967
8071
8903
5991
6199
6823
7031
7343
7863
8487
8591
8799
9319
9839
10047
10359
10671
10567
9735
9943
7239
8175
8383
8695
9007
9215
9423
9631
10463
10462
9630
9006
10046
10044
10356
10354
10146
10145
10249
10246
886
897
1105
1209
1313
2145
2561
3185
3913
4017
4849
3497
3496
4120
2664
3184
3600
3704
3912
4224
4536
4952
5056
4640
3392
3808
4328
4848
6200
6304
6512
4432
5264
5472
5576
5992
6408
7344
7760
5680
5160
5888
6928
7136
5368
4016
4744
5784
6096
7240
7968
7032
6616
6720
6824
7448
8072
8176
7552
7656
8280
8696
8800
9008
9528
8592
7864
8384
9320
9840
10048
10672
9944
8488
9112
9424
9736
10360
8904
9216
9632
10568
10256
10152
10464
10776
10775
8279
9111
9527
10151
10255
10254
10566
10774
374
379
380
796
794
1106
1626
2250
2978
3394
3602
3810
586
588
692
484
490
489
73
593
592
176
171
1003
1211
1315
1627
1835
2979
2459
2457
4225
2977
3393
3601
3809
4537
4641
4953
4433
1833
1937
2249
2665
2769
3081
3289
3705
4121
4745
5161
5369
6409
4329
5265
5681
5785
6097
6201
6305
5577
5057
5473
7033
7449
8177
8281
8905
9321
6513
6721
6929
6617
6825
7553
8489
7657
7137
7241
7345
7761
7865
8073
8385
8801
9529
9633
9841
9945
9009
8697
9217
8593
5889
5993
7969
9113
9425
9737
10257
10569
10465
10361
10358
686
694
1214
1630
1734
1730
2146
2354
2458
1522
1834
3082
3186
3290
3706
2562
2770
4018
4226
4330
4434
4538
4746
4850
5058
3498
4122
4954
5162
3914
4642
5890
6202
5474
5578
5682
6410
6514
7034
7450
7554
5370
5266
5786
5994
7138
6306
6098
6618
6722
6826
6930
7242
8282
9322
8178
7658
9010
9114
9218
9634
9530
7762
8386
8594
8802
9426
8906
7346
7866
7970
8074
8490
8698
9738
10362
10466
10778
10050
9946
10154
9842
10570
10674
10673
10777
10049
10153
585
589
1525
1109
1108
172
174
278
1006
1318
2774
2982
1422
1420
1732
1836
276
288
277
173
485
487
695
1007
1215
175
186
193
177
1113
281
282
284
293
299
290
602
498
492
1012
1324
1740
700
707
701
909
1117
1741
1845
1637
1628
2148
2668
1940
1939
1523
795
691
2043
2147
67
69
381
1005
1837
1629
693
1421
2149
2773
2877
2461
1733
1731
2251
2355
2667
2875
3083
3395
3499
3603
3707
3811
3915
4123
4331
4747
3291
587
590
798
70
71
591
799
797
1317
2357
2565
1941
3917
3189
3397
3605
4437
4435
2771
2563
3187
4019
4227
4851
4539
4643
4955
5059
5163
5579
6203
5475
5787
5995
5891
5267
5371
5683
7035
7243
7659
6619
6723
6827
6931
7139
7347
7451
7555
7763
8491
6099
6411
7971
8075
8387
8803
6515
6307
7867
8179
8595
8283
9635
9843
9531
9011
9115
9739
9947
10779
10363
8907
10051
10467
8699
9219
9323
9427
10155
10259
10571
10675
1419
1423
1943
1942
2358
2150
1526
2254
2253
2669
1213
1212
2044
1524
2252
2460
2772
2980
3292
3084
2356
2564
3812
4228
4540
3188
3708
4020
5996
3604
2876
3396
3500
3916
4124
4332
4436
4852
5060
4644
4748
5164
4956
5372
6100
6724
6932
7140
7348
7764
8908
9844
6620
6516
5476
5268
5788
6204
6308
7660
5580
5684
5892
6412
6828
7244
8388
9012
9532
9740
10572
10676
7036
7452
7556
7868
8180
9220
8076
7972
8284
8492
8596
8700
8804
9116
9428
9636
10364
10156
9324
9948
10052
10260
10258
378
384
800
488
696
280
1424
1528
1527
2151
2359
2983
3087
3085
3293
3501
4125
4021
4229
5269
5685
5997
4333
4541
4645
4749
4853
3709
2981
3813
5477
6413
6933
7245
8077
8389
7141
5061
5581
5789
5893
6205
4957
5165
5373
6101
6309
6517
6621
6725
7037
7557
7349
6829
7661
7869
7453
7765
8181
9221
7973
8493
8701
8597
8805
8909
9845
9949
9117
10261
9533
8285
9013
9325
10053
10157
10365
9429
9637
9741
10469
10573
10677
901
913
902
1838
2046
2670
2878
3190
3502
4334
4646
4958
5270
5374
5062
2462
2566
3710
3606
3918
4230
4438
4542
5894
6102
6206
3294
3086
3398
3814
4022
4854
4126
4750
5166
5582
5686
5790
6310
6622
6830
6518
6414
5478
5998
6726
7142
7454
7558
7766
8494
9118
9326
7038
6934
7246
8078
7974
8598
8702
8910
9638
9846
9950
7662
7350
7870
8182
8286
8390
10158
10366
10054
8806
9014
9222
9742
10470
10468
10780
68
75
78
80
1120
912
904
1320
1632
1840
1944
2048
1112
2464
1008
1736
2360
2256
2880
2984
3088
3192
3296
2152
2776
4024
4336
3608
3607
2255
1631
2671
2775
3191
2879
2047
1319
383
1111
1116
908
910
1014
598
597
181
183
1015
599
595
699
1947
1739
1735
1839
2567
3815
4439
3295
3399
4127
4231
5063
4335
2463
3503
3711
3919
5999
6103
6207
5687
4647
4751
4855
5167
5479
4023
4543
4959
5895
6935
5271
5375
6623
7039
7143
7247
6311
6415
6519
7455
7975
8183
7663
7767
8391
8703
8911
7351
7871
8079
8495
10263
10367
8807
8287
9015
9119
6831
5583
5791
6727
7559
8599
9535
9639
9847
10159
10471
10575
10679
10678
9430
9534
10574
10782
10770
1410
1425
1737
2153
2361
2465
2777
3297
3713
5065
905
1217
697
801
1009
1633
2049
2257
1945
1321
1529
2881
2985
3193
4025
4129
4233
4337
4545
2569
2568
2672
3504
3920
4856
5168
3816
3712
4232
3400
4128
4440
4648
5584
5064
4752
4960
5272
5480
72
76
74
1114
1218
1322
594
802
1634
1738
1426
1530
1946
1010
2154
2570
698
2050
1842
2258
2362
2466
2986
2674
2673
4649
4753
4961
5481
5585
5273
5169
5897
4441
1841
3089
3401
3505
3609
3817
3921
4857
6001
6000
4544
5792
6104
6520
6936
7664
5688
7456
5376
5896
6208
6312
6416
6832
7144
7768
7560
6624
6728
7040
7248
7352
9120
8080
7872
9016
9848
8184
7976
8392
8496
8600
9640
8288
8704
8808
8912
9328
9224
9223
9951
9431
9327
9743
10055
903
907
179
1427
283
491
803
1219
1323
1531
1843
2051
1115
387
388
596
804
1844
1636
1635
3195
3091
2259
2467
2883
2882
3714
4234
4858
5482
4442
178
184
180
1220
1428
1532
2468
2884
2260
2156
2988
3196
3508
2364
2363
2571
2675
3403
3402
3610
3194
2778
3090
3298
4026
4650
4754
5274
5794
3922
3506
4130
5066
5170
5586
4962
3818
4338
4546
6210
6938
7042
5898
5690
5378
5377
5793
6105
8081
6209
6417
6937
7041
7457
7561
7769
7873
7977
8289
8185
8393
6521
6313
7145
7353
9017
9225
9329
5689
6625
6729
6833
7249
7665
8705
8601
8809
9121
9641
9953
10057
10369
9433
10577
10785
8913
8497
9849
10161
10265
10681
9745
9744
9432
10472
10056
10160
10576
1216
1223
287
286
390
389
493
285
77
2053
2469
2677
2157
2155
2779
2987
3299
3715
3923
4339
4443
3507
3819
4235
4547
4027
3611
4131
4755
4859
4651
4963
5067
5275
5483
5795
6003
6523
6419
5379
5587
6107
1011
1016
1013
1429
1533
3509
2781
1949
1948
2052
2572
3404
4028
4340
4652
4756
2780
2676
3092
3716
3820
4548
5380
5588
6212
4236
3612
3924
4132
4444
5484
5900
5899
6211
6835
6315
7043
7251
7459
7147
7146
6834
6626
7250
7458
6522
6002
6106
6730
7354
6314
6418
7666
8290
7770
7562
8706
8810
9330
10162
9018
7874
7978
8602
9226
9434
9746
9954
8498
9122
9538
9642
10266
10370
10578
9850
8082
8186
8394
8914
10058
10786
10682
10680
10368
9536
9952
10264
10784
10781
2045
2058
2474
1018
82
85
501
495
703
79
84
83
603
915
1123
499
497
494
1326
1534
1638
1846
1430
702
806
2782
2990
2054
1118
1742
2158
1222
1221
1325
2261
2365
3717
3301
2573
2885
3093
3197
3405
805
822
807
1847
1951
1950
2470
2574
3510
3614
3613
3925
4133
3821
4029
4237
2989
4341
4445
4757
4861
4860
4964
5276
5172
5171
5691
6627
7355
7563
6731
7667
7771
7875
8707
8083
8187
8291
8395
8499
9331
9435
10267
9539
6939
7979
9019
8811
8915
9747
10371
10059
9851
10163
10787
10579
10683
8603
9123
9227
9643
9955
10475
10474
386
393
1017
1121
1745
1849
1953
1433
601
809
1225
1329
1327
1119
1743
2263
2262
2678
3094
3926
4134
4342
4550
4549
4653
5277
5381
5485
5589
6421
6525
7045
7253
5797
5796
6628
6316
6836
7460
3300
5068
5692
6004
6108
6524
6940
7044
7148
7668
6732
6420
7564
7980
8604
8812
8188
7252
7356
7772
9332
8292
8500
8916
9124
9228
8396
7876
8084
8708
9644
9748
10060
10684
10372
9852
9436
9020
9540
9956
10164
10268
10580
10788
10476
10473
9537
385
395
397
392
600
808
1224
1744
1952
2576
2264
1432
1536
1640
2056
2784
2472
2471
2367
2366
2886
3302
3406
3718
3822
4446
3198
4238
4758
5070
4654
5486
4030
4862
5174
5694
6422
6006
5798
5902
6318
5382
4966
4965
5069
6005
7149
5693
6109
6317
6629
6837
5173
5901
6213
6733
8189
7877
7357
8501
8085
6941
7461
7565
7773
8397
8605
9437
8293
9125
9333
10061
10165
10477
8813
8709
9229
9749
9957
10685
9645
7669
7981
8917
9021
9541
9853
10373
10581
10269
10262
486
500
708
812
810
1226
1434
1330
1328
2368
5176
2888
2887
1639
911
1431
1535
2055
2679
3615
3719
4447
2575
2991
3199
3511
2783
3407
3927
4239
4343
3823
4135
4551
4759
4655
5175
5695
5903
6319
6631
7775
5071
5487
5279
5278
5590
6110
6734
7046
7566
6942
6214
6526
6838
7254
6630
7150
8502
8086
7670
8398
9750
9854
8710
7462
7774
7878
7982
8190
8294
8606
8814
8918
9126
9230
9646
10166
10374
10270
10062
9438
9542
7358
9022
9334
9958
10582
10686
10790
10789
10783
279
295
1127
503
496
704
1848
2160
2680
4032
4968
4864
4863
5799
6007
4031
3095
3303
4967
5383
5591
6111
6215
6527
6839
6943
7151
7255
7359
7567
7671
6735
7983
8399
8503
8815
8919
9647
10687
8087
7047
6423
7463
8191
8607
9751
9959
9023
7879
8295
8711
9335
9543
9855
10167
10791
10479
9127
9231
9439
10583
2159
2170
2161
2369
2681
2889
3305
3513
4241
289
291
811
1331
1435
1747
1539
2163
2059
2057
2993
3201
3409
2577
2473
3097
3096
3200
3512
3616
3824
4136
4240
4344
4448
4552
4656
3408
2992
3304
3720
3928
4760
5592
7256
7880
5696
5072
5384
5800
5904
6008
6216
6424
6528
6736
7048
5280
5488
7360
7464
7776
7984
8192
10688
6112
6320
6632
6840
6944
7152
8816
8920
9648
9752
10272
7568
7672
8400
8504
8608
8712
9128
9232
9960
10168
10376
10480
10584
10792
8088
8296
9024
9336
9440
9544
9856
10064
10063
10271
10375
391
394
2578
1122
706
1642
1746
1954
2162
2266
2682
2786
3202
3410
3930
2994
3722
3618
3617
185
192
816
815
919
925
916
1020
1436
1748
188
1124
1540
1332
292
1956
1644
1643
2371
2891
1851
1850
1538
1537
2785
3721
3825
3929
4345
5905
6113
4449
5697
6009
6217
6945
7153
7361
7777
6425
6737
705
710
814
918
86
93
89
297
298
610
604
1228
1852
2060
2580
2268
2372
2370
3098
3514
4450
4554
4553
4657
5073
5177
5385
5489
6633
6841
5281
4033
4137
4761
4865
4969
5593
5801
6321
6529
7257
7881
8089
8193
8297
8401
9233
9649
10065
7465
7673
7985
8505
8609
8713
9025
9337
8921
7049
7569
9129
9441
8817
9545
9753
9961
10273
10793
10481
9857
10689
1641
1651
819
818
506
504
1128
1126
1958
2166
2478
2894
2890
3306
3826
4242
4658
5074
5698
6010
6218
7778
8090
5490
5178
5282
4866
4138
4346
4762
4970
5594
4034
914
920
1024
712
709
1333
1229
1227
1955
2579
2683
2787
2995
3931
4451
3203
3099
3307
3827
4035
4139
2475
2267
3619
4347
5075
4555
4867
5179
5491
5699
5803
5595
3411
3515
3723
6011
7155
6843
4243
4659
4763
4971
5283
5387
6219
6531
6739
6947
7051
6427
6115
6635
5907
5906
6842
7154
7570
9234
9338
5386
6426
6530
6738
7466
7674
7882
7986
8194
8298
6114
5802
6322
6634
6946
7050
7258
7362
8610
8402
8922
9858
10274
9546
8714
8818
9026
9130
9650
9754
9962
10066
10690
10794
10170
10169
10585
10377
2265
2279
2274
2898
2892
3100
3412
3308
3620
3724
4868
4972
5388
5492
2476
2164
2788
2996
3204
4036
4244
4348
4452
4764
5596
6116
5284
3828
4660
4140
2684
3516
3932
4556
5700
6220
6532
6740
7676
7468
5076
5180
5804
5908
6636
6948
7052
6428
7156
7884
6324
6012
6844
8300
7364
7363
7467
7675
7883
8403
6323
7259
7571
8299
10483
10379
7987
8195
7779
8091
9235
9443
10275
8715
8611
9131
9339
9547
9755
9963
10067
8923
8819
9027
8507
8506
9442
10378
10586
10482
10478
182
191
607
1439
87
91
507
195
189
1125
4141
3205
813
1957
2165
2269
2373
2477
2581
2685
2997
3309
1645
605
1541
1749
2789
3621
3933
4037
4349
1437
1853
2893
3101
3413
3725
3829
4245
4453
5077
5181
5285
5389
5493
6013
5805
6221
8613
7261
7260
7572
7780
8508
9340
9444
10588
7988
9132
8196
8092
8612
8820
8924
9028
9548
9964
10276
9860
9236
9652
9756
10484
10796
8716
8404
10068
10172
10171
10587
9651
9859
10795
1019
1022
1334
398
400
1960
1440
1438
1542
1750
1854
294
1646
2374
2686
3206
3310
3414
3726
3830
4038
4350
3518
3517
1021
1027
1023
1543
1647
1855
2063
711
1335
1959
2479
3311
399
402
922
194
197
190
1230
2790
3102
2582
2270
3622
4142
4558
4662
5598
6118
6117
6533
5909
4557
4661
4765
4973
5597
6325
6429
6637
6949
7053
6741
6845
7365
7469
7781
7885
4869
5701
7573
7677
8093
8925
9133
9237
7989
8197
8405
9965
10069
7157
8301
8509
8717
8821
9029
9341
9757
9861
10173
10485
10381
10380
10692
396
406
401
713
1129
1857
1961
2481
1233
1231
1751
2167
2583
2687
3103
2895
2999
3415
3519
3727
3623
4871
4975
5079
4247
4246
4766
3934
2998
4454
6222
6534
5494
4870
4974
5182
5390
5286
5078
5806
5910
6326
6638
6742
7054
8198
5702
6014
7158
7470
7782
7886
6950
6430
6846
7262
7366
7574
7678
8094
8302
8822
9030
9238
9550
8926
8406
8510
8718
9134
9342
9446
9445
10589
9549
9653
10277
2061
2065
2064
296
302
614
94
104
312
301
1029
1237
1235
1232
1336
1544
1752
1856
2480
2896
2272
2271
2375
2791
3831
4039
4351
4767
3935
4143
4559
3207
4455
4663
7263
8199
8823
5807
5183
5391
5495
5599
6015
6119
6327
6951
5703
5287
6223
6431
5911
6639
6535
6743
6847
7159
7471
8407
8511
8719
9031
9239
8615
8614
10278
9654
7990
9862
606
609
817
1337
1649
2689
2273
2169
2377
2585
2584
2792
2168
1648
2376
2688
3416
3520
4248
608
612
1132
924
921
1025
1441
1545
1753
3105
3209
2897
3001
3417
4041
4561
3833
3832
4872
3312
3104
3624
3936
4040
4144
4456
4560
4664
4976
5080
5184
5600
3000
3208
3728
4768
5288
5392
5496
5912
6016
6224
6120
4352
5704
6432
6640
7160
7368
7472
7680
7264
7576
7784
7888
8200
8616
8720
9656
10072
9552
5808
6536
6848
7056
88
96
92
300
820
1028
1340
1444
1860
716
714
1754
2690
3002
3418
3106
3210
3522
1026
1546
2066
1650
1130
1338
1442
1858
1962
2378
3314
3626
2794
2793
3625
3313
3521
4873
4977
4457
3729
3937
4353
4665
5081
5185
5289
5497
4145
4249
4769
6121
6433
6329
6328
6744
6952
8824
8408
9136
9760
9240
9864
10384
10280
10176
7992
8096
8304
8512
8928
9032
9344
9968
10488
10800
9448
9447
9551
7887
7055
7679
7367
7575
7783
7991
9343
9655
10383
10695
10175
10279
10591
8303
8095
8927
9863
9759
9758
9966
10174
10382
10486
10798
10694
10693
10691
187
204
205
517
516
620
619
613
717
1133
1445
1443
1547
2067
2379
1859
1963
2171
923
403
404
508
2796
4356
4564
4562
4770
5394
6018
6017
5809
5393
5601
5913
6745
6849
7161
7265
6953
6641
7473
7577
7681
7785
7993
8201
5705
6225
6537
7369
7889
8097
8409
8617
9449
7057
8305
8513
8825
9033
9657
10385
10593
10801
9137
8721
8929
9345
9553
9761
9865
10177
10281
9241
10697
9969
9967
9135
10071
10070
2062
2068
2900
3524
3628
2276
2275
2795
3315
2483
611
715
1131
1339
2691
3731
3730
4146
4458
5498
5914
6642
3834
2482
1234
1243
1236
1548
1652
1756
2380
2692
2588
2586
4042
4978
5290
5602
4354
3938
4250
4666
4874
5082
5186
5810
6330
7058
7266
7370
7578
5706
6122
6538
6746
8098
8930
9138
9554
6226
6434
6850
6954
7474
7162
8618
7682
7786
7890
7994
8306
8202
8514
9658
10074
8410
8722
9034
9242
9346
9450
9762
9866
10178
10282
10386
10594
9970
8826
90
97
929
409
407
719
1031
823
821
1653
1861
2277
2485
2797
1965
1757
2069
2173
2589
2587
2899
3003
3107
3211
3523
3627
3835
4043
4459
4563
4979
1755
3419
3939
4251
4147
4771
5083
5603
6227
4355
5395
5187
5291
5707
5915
5499
5811
6123
6851
4875
4667
6435
6643
7267
9243
8203
6955
6747
6019
6539
7371
7475
7995
7163
6331
7059
7683
8099
7579
7787
7891
8307
9347
8515
8411
8619
8827
9035
9139
9763
9659
9451
10491
10075
10283
10699
9555
10179
8723
8931
9867
9971
10387
10595
10803
10802
10490
10698
10696
10592
10590
502
510
1030
1966
1964
2172
2484
3004
3108
3212
3316
4772
3420
3836
3940
4044
4668
4876
5084
5188
6332
6436
6540
6644
5292
4980
5604
5708
6124
5812
3732
4148
4252
4460
5396
5500
5916
6228
6748
7164
7372
7476
8204
8620
7996
6852
7580
7684
7060
9140
9764
10700
10492
8828
8100
7788
7892
8412
8724
8932
9452
8516
6020
6956
7268
8308
9660
10596
9036
9244
9348
9556
9868
9972
10284
10804
10076
10073
10489
505
512
408
1968
1344
1341
2693
3109
4045
3213
1549
2381
3005
3421
3525
3733
4149
4461
5085
3941
2901
4565
5501
4669
4357
4877
5189
5709
6749
7581
7685
7061
3317
3629
3837
4253
4773
4981
5293
5397
6229
6853
7373
7997
8101
7477
5605
5813
5917
6021
6125
6333
6645
6957
7789
8205
6437
6541
7165
7269
7893
8517
10389
9869
8413
8725
8933
9349
9453
8309
8621
8829
9037
9141
9557
10493
9245
9661
10077
10285
10597
10701
10181
10180
10388
196
199
202
618
1866
98
514
930
1034
1450
722
724
720
616
824
1032
928
927
1343
1447
1551
1759
1967
2799
2903
3007
511
513
825
1033
2177
1553
1552
1656
2488
1240
1760
2176
2904
3424
1136
1134
926
1238
1446
2278
2486
1758
1862
718
1342
1550
1654
2590
2798
2902
3630
3838
3942
4982
5502
3006
3110
3422
3318
2070
2382
2694
4046
4150
4462
4566
4670
4774
4878
5398
5606
5918
6230
6334
3214
2174
4254
4358
5814
3526
3734
5086
5190
5294
6126
7062
6958
6438
6542
6646
8726
6854
7166
7478
7686
5710
6022
6750
7270
7374
7582
7894
8414
8102
8310
9246
8830
8934
9038
9454
8518
7998
7790
8206
8622
9142
9870
9350
9974
10078
10390
10702
10806
198
200
201
617
1449
1448
1864
2072
2800
2384
2383
1655
615
1135
2071
2175
2695
3215
303
305
721
1241
1137
1138
1242
1346
1345
1657
2385
2281
2280
2592
3008
4776
3632
2696
3528
3320
3319
3839
4983
5087
5191
5295
5919
3423
4047
2591
3111
4255
4671
4879
5399
5607
5711
4359
4151
4463
3631
1239
1863
2487
3527
3735
3943
4775
5815
6023
6335
6543
6751
7479
7063
6127
6231
6439
8623
8727
8831
8935
9247
9767
10183
9559
4567
5503
6647
7167
7271
7375
7583
7895
8103
8207
8311
8519
9143
6855
6959
7791
8415
9039
7687
7999
10079
9663
9455
10599
10287
10286
10494
10182
9558
9662
10598
9766
9765
405
410
826
827
828
1244
1348
1764
1761
1969
2073
2905
3113
3425
3321
1865
2697
2593
2489
3009
3529
3737
3736
3840
3944
4048
4152
3216
3112
4464
4360
4672
5088
5504
5608
5816
5712
5192
6024
6336
6440
6752
7168
4880
4984
4256
4568
5400
6128
6232
6856
7064
7480
7584
7792
5296
7376
9040
5920
6544
6648
6960
7272
7688
7896
8000
8104
8208
8416
8624
8728
8936
9872
9976
10184
10600
9456
9560
10288
9144
9248
9664
9352
9351
9871
10391
10495
10487
10799
10797
917
935
931
1035
1139
1347
1555
1554
1970
1658
1762
2490
2594
2802
2801
3841
3945
4049
4673
5401
5505
3633
4153
4465
4777
4985
4881
3217
4361
4569
5193
6233
6441
5609
5297
6025
6129
5713
5921
6545
6649
5089
4257
5817
6857
8313
8833
8937
6753
6961
7169
7273
7377
7585
7481
7065
7897
8521
8625
9145
9457
9041
6337
7689
8001
8209
8417
9249
9561
10185
10809
9353
7793
8105
8729
9769
9873
9665
10289
9977
10081
10393
10497
10601
10705
10703
9975
9973
10805
509
518
1974
2182
2178
2282
2386
2698
3114
4154
4778
2906
3322
4986
5298
5402
3426
3530
3634
4466
5194
5506
4258
2074
3010
3218
3738
3842
3946
4050
4362
4570
4674
4882
5090
5714
5818
6338
6546
7274
7378
7794
5610
5922
6026
6858
6754
6130
6234
6442
6650
6962
7066
7482
7898
8106
7586
7690
8002
8418
8522
8938
9354
8210
8730
9042
9146
9666
9978
10186
9458
8314
8312
8520
8832
10496
9768
10080
10392
10808
10807
95
102
414
622
206
207
415
1767
1247
1663
1659
2907
307
222
220
216
231
127
112
10616
10617
10620
10621
9789
9477
9165
8853
8229
8021
8022
10518
10519
10311
9999
9895
10623
10103
9479
9375
9271
9063
8855
7503
8647
8959
8543
10207
9791
9687
8751
8231
7919
8439
7191
6879
7399
7607
7295
8335
9583
9167
8127
8023
7815
7711
7087
6463
4799
4383
5527
6775
6671
6567
6359
6255
6151
6047
5943
5839
5735
5423
5319
4903
4695
4279
3967
3968
3760
3344
2616
2408
2096
3032
4072
3864
3448
3240
2928
2512
4592
4488
4280
3656
3552
3136
2720
2200
1888
744
120
134
30
41
35
27
443
441
438
542
230
228
540
20
19
643
1059
851
747
742
10310
9998
9686
9062
10726
10102
9790
9478
8958
8750
8438
7398
7086
9582
10206
9374
7918
7294
9270
10414
9894
9166
8854
8646
8126
7814
7606
7502
7190
6878
6982
6774
5838
5526
6358
6670
6150
5734
4486
4694
6462
6046
8542
8334
8230
7710
6566
6254
5422
3966
3030
5318
5942
5630
5214
5110
4902
4798
3758
3550
1886
2302
5006
5007
2927
4487
6983
5631
5215
5111
4591
4071
3759
3239
3863
3343
3135
3031
2615
1783
3447
4175
3655
3551
2719
2407
2303
2511
2823
2199
2095
1991
1993
2409
1369
1265
1266
1474
850
226
229
225
1785
1057
953
943
10615
10303
10511
10516
9684
9685
10725
9997
9581
9373
9061
8957
8645
8125
7709
7501
7397
7293
9269
10309
8749
8541
9893
10205
10101
8437
8333
7085
6565
6669
7917
6981
6357
5837
3965
6253
7813
7605
6773
6461
5525
5421
5109
5005
6877
7189
5941
5733
6045
6149
4901
4693
5629
5317
5213
4485
4277
4069
3341
3133
3757
4797
3653
3549
3445
3237
4589
4590
4382
4174
3862
3654
3446
3342
2926
2822
1782
1470
1472
1368
848
536
531
10203
9995
9579
9475
9476
10412
10308
10724
10100
9580
9372
9268
8852
8644
8436
10204
9996
9892
8748
8540
8956
9788
9060
8228
8020
7812
7604
7500
7916
9164
7708
6772
7396
5940
5004
4380
3340
6980
8332
8124
7292
7188
7084
6876
6564
5628
5316
4796
4588
3860
3861
4381
4173
2405
2197
1989
2301
2821
2093
1261
1263
1887
1679
1471
1159
1575
1577
2201
1473
17
16
4904
2824
2304
1680
1681
2097
641
637
3029
2925
2717
2718
2510
2614
4278
4070
3238
3134
2406
1990
1262
2094
2198
1574
1576
1573
1885
1781
1677
2509
2613
533
534
1678
1366
1158
1160
1992
1784
1264
640
647
959
951
639
327
223
232
224
432
422
10718
10721
10305
10097
10099
10515
9787
9163
9059
9371
10723
10619
10411
10307
9683
8851
8643
8331
7187
6043
6147
9267
8435
7499
7291
6459
9891
8227
8123
7915
8955
8747
8539
8019
7811
7083
6979
6875
6563
6355
5835
5731
5419
5107
7707
7603
7395
6771
6667
6668
6148
5836
5524
5420
5212
5108
4900
4692
6044
6460
6356
6252
5732
4484
3964
3028
2820
3132
4276
4172
4068
3652
3548
3444
3236
2508
2924
3756
1884
1676
1364
2612
2404
1988
1572
1260
1052
1055
1367
743
847
431
119
115
6251
5315
5003
4795
4691
4587
4483
4171
4067
3859
3339
2507
1987
1675
5523
5939
5627
5211
4899
3651
3547
3443
4379
3027
2923
3755
4275
3963
3235
3131
2819
2715
2611
2299
1883
1779
1051
1053
1469
741
429
423
418
437
957
645
333
329
1161
1149
1150
1254
1670
3022
2814
1046
1049
633
630
838
110
108
111
319
1255
1359
1355
107
835
849
537
433
121
113
118
950
638
636
844
740
532
2196
2092
1780
948
949
1365
845
325
321
10201
9993
9889
9473
9265
9785
10513
9577
8745
10409
10410
10306
9994
9786
9578
10618
10722
10202
10098
9266
8850
9474
10514
9682
9162
9890
9370
9058
8746
8330
8018
7706
7498
7394
7290
7914
7810
7602
8642
8434
8954
8538
8122
8226
6874
6770
6250
6042
6354
7186
6146
5834
6562
6458
5626
5522
5418
4794
4690
4274
3858
5106
5730
5314
4898
4482
3442
3130
5002
7082
6978
6666
5938
5210
4378
4170
4066
3650
3546
2714
2506
1882
1570
2610
2922
2090
2091
2403
2195
1467
1571
1363
947
427
428
426
4586
3962
3026
2818
3338
3754
3234
2402
1050
738
530
322
320
10304
10096
9992
9368
9888
9576
9472
9160
9056
8952
8744
8536
8328
8120
8016
8017
8121
9057
8849
8433
8329
8641
9681
9161
8953
8537
7497
5729
5209
5105
5001
5521
7913
7809
7185
6665
6561
6353
7393
9369
8225
7705
7081
7601
7289
6769
6249
6145
6041
5937
5417
4897
6977
6873
6457
5833
4793
4689
4481
4377
3441
3649
5625
5313
4065
3961
3857
3753
4273
4585
4169
3233
2921
2401
2297
3129
3337
2713
2817
2505
2089
1881
1777
1361
737
2609
2193
3025
3545
1257
1259
1155
1156
2716
2300
1468
116
117
221
219
843
846
14
12
11
7
10199
9887
9783
8847
10095
9471
9263
10719
10407
9991
9159
8535
8431
8639
8223
8224
10408
10200
9680
8848
8432
7704
6976
6872
5936
5832
5728
5624
5520
7808
8640
7912
6560
6248
7288
7600
7392
6768
6144
5416
5104
7080
9264
7496
7184
6664
6456
6352
5312
5000
4896
4480
4792
5208
4272
4688
3752
2816
4168
4064
3856
3232
3128
3024
2400
2088
1776
4376
3544
3336
1984
2608
2712
2504
1880
2920
6040
4584
3960
3648
3440
2296
2192
528
424
430
326
323
739
748
734
1982
2086
2294
2502
2710
2918
1878
2190
2606
3230
3542
3750
4062
4166
4374
4478
5518
2398
1358
3126
3334
4270
3646
3438
3854
3958
4790
5622
6038
6558
4998
4686
4894
5102
5310
5726
214
227
217
1569
1673
841
839
1983
2087
3127
2607
2711
2815
2919
3647
3855
4167
4895
5103
5207
4583
4582
5206
5414
6142
6454
6766
6662
5934
6870
7078
7182
8118
5830
6246
6350
7390
7598
7806
7910
8326
8534
8638
8742
8430
7494
8222
8846
8950
9886
9990
8014
8013
8741
9157
9261
9469
9573
9677
10093
10509
8533
10197
10405
10613
8845
9365
9989
10717
9885
9884
10300
10612
10611
1147
1251
1459
1667
1875
1771
1769
3121
4057
4161
4681
4889
4473
4785
5097
5617
6137
4577
4265
4369
5305
5929
6033
7177
7281
6241
6345
6553
6865
4993
5201
5721
6449
6761
7489
7697
7385
7073
7593
8425
8529
9257
9465
10089
10297
7801
8113
8737
8841
8945
7905
8009
8217
8633
9361
9777
9153
9569
9673
9881
10609
8321
9049
10401
-1
EOF
