NAME : input.0.tour
COMMENT : Length = 0
COMMENT : Found by LKH [Keld Helsgaun]
TYPE : TOUR
DIMENSION : 1764
TOUR_SECTION
1
13
35
8
5
7
42
20
14
476
518
140
224
1652
434
443
65
359
358
64
63
147
231
315
399
735
441
273
777
357
525
567
609
693
903
945
1281
1491
483
486
234
233
275
527
149
148
442
736
988
820
819
1071
1070
1154
1153
1195
1615
901
1321
1531
1699
1363
1405
1447
1489
1741
1657
1651
349
356
608
650
734
1196
1028
860
986
1280
1574
1490
1322
1364
1406
1112
1238
230
239
232
274
316
610
484
652
694
778
904
1072
1408
1492
1156
1324
862
861
1701
987
651
1029
1155
1197
1239
1323
1365
1407
1113
1533
1743
1659
1575
1449
1448
1532
1700
1658
104
107
108
192
276
24
25
26
30
156
114
115
73
68
194
201
199
193
319
235
277
739
529
526
400
402
654
570
569
695
191
317
611
737
821
905
947
1073
1241
1157
779
1031
1199
1283
1409
485
487
403
571
655
361
1411
697
823
445
444
528
612
1074
1116
1114
1198
1450
1534
1576
1366
1282
946
1030
1240
1660
1618
1617
1616
1742
146
776
773
479
731
857
1193
1235
1529
1613
1739
983
689
1445
1025
815
899
1067
1109
1151
1277
1361
1571
1319
1403
1487
1485
1569
981
1695
57
61
103
145
439
355
229
187
481
691
733
732
816
858
984
942
1026
774
1110
1194
1404
1152
102
112
109
151
144
396
480
648
900
1068
1488
1530
1740
1278
1614
1236
1320
1362
1446
186
190
188
272
314
398
440
902
482
566
692
818
944
524
523
397
565
607
775
817
1027
943
985
1069
1111
1237
1279
1573
1572
1656
1698
1697
1655
1653
1680
1554
1517
1265
1223
887
1181
1097
971
1307
1013
929
803
845
551
635
593
1433
1055
467
470
890
386
387
93
90
132
174
181
171
1683
45
129
339
423
465
549
213
222
264
432
138
96
105
189
183
178
52
56
62
66
150
318
320
110
111
116
158
153
69
70
364
616
613
865
949
991
1201
1243
907
1075
1117
781
780
948
990
1032
360
362
236
152
278
656
404
446
572
1118
1202
698
488
866
740
782
824
822
906
1284
1326
1158
1200
1242
1368
1494
738
696
1410
1452
1662
1578
1620
1746
864
863
653
989
1451
1367
1115
1325
1577
1619
1703
1535
1493
1661
23
27
28
280
238
240
450
448
490
826
1036
574
406
784
196
198
282
618
408
405
531
363
279
321
615
573
195
489
699
741
867
1413
993
657
909
447
951
1077
1119
783
825
1161
1245
1287
1329
1497
237
241
325
409
451
703
702
492
324
326
322
532
700
868
1120
910
742
658
952
994
1078
1204
1246
1162
1159
1369
1621
1495
1033
1285
1453
1705
1327
1747
1663
1579
1537
1536
1704
1702
106
113
365
491
323
617
71
407
197
29
33
117
285
495
369
243
327
453
449
743
533
530
614
908
1328
1160
950
992
1580
1454
1034
1076
1286
1370
1412
1496
1538
1706
1622
1244
1664
1748
1744
568
576
660
659
701
869
827
575
785
911
953
1079
1037
1289
1373
1415
1205
1203
1455
1581
1623
1665
1035
1371
1539
1707
1749
1745
401
412
160
157
493
283
577
619
745
829
997
913
912
870
786
828
996
534
1038
1248
1206
744
954
1290
1374
1458
1584
1080
1164
366
368
32
37
38
34
454
202
200
242
284
536
830
914
788
787
1123
1165
1333
661
367
535
871
1207
1291
1375
1543
955
1039
1081
1249
1417
1416
1752
1626
1122
1500
1542
1668
1332
1330
1750
1540
1372
1414
1288
1456
1624
1708
1582
1498
1666
154
165
207
39
40
166
164
122
118
244
328
370
538
916
706
748
790
580
579
621
537
705
411
410
620
1040
578
494
452
746
1082
1460
1628
1376
872
873
957
956
1166
1124
1121
1247
1331
1163
995
1667
1541
1583
1625
1499
1709
1751
155
159
789
75
77
245
287
413
791
833
831
915
747
1251
1250
1544
1670
998
704
1292
1334
1586
662
665
663
999
1041
1293
1419
1461
1545
1587
1755
1754
1208
1418
1502
1501
1585
1669
1711
1753
1459
1457
281
286
622
664
832
958
1000
1084
1168
1042
874
1126
1210
1420
1462
1504
1546
1252
1336
1294
1672
1671
1377
1335
1083
1125
1167
1209
1503
1713
1629
1627
31
36
246
288
120
119
329
371
455
539
581
623
875
1169
1211
1463
1379
203
959
161
162
330
204
372
414
456
540
666
834
918
1002
1001
1043
1547
749
707
917
1253
1421
1715
1085
1127
1295
1337
1505
1589
1673
497
496
1630
1714
1710
72
79
583
582
876
1464
624
750
1254
1338
1590
1632
1716
1712
74
80
416
290
289
121
247
373
457
331
625
541
415
793
835
1045
667
709
877
919
1003
1171
1339
1129
1213
1297
1087
1086
792
498
708
960
1044
1170
1548
1296
1128
78
83
125
1049
251
41
377
419
461
209
206
584
248
332
458
542
374
375
459
501
499
751
961
1255
1507
1633
1675
1423
1717
1381
1465
1549
1591
163
167
293
291
627
626
500
836
1004
752
1088
920
668
710
1340
794
878
962
1046
1130
1676
1298
1256
1214
1212
1380
1422
1506
1674
1758
1756
1378
1588
76
82
124
208
544
543
669
795
837
1047
1215
249
81
84
126
294
292
586
585
123
417
879
921
1005
1089
1509
1299
711
963
1131
1173
1551
1719
753
1635
1677
1383
1382
1172
1466
1592
1424
1634
1550
1508
1718
1760
1759
205
210
252
250
334
418
460
502
670
712
796
376
754
838
964
1384
1426
1090
1048
1300
1174
628
880
1006
1132
1510
1468
1594
1552
1720
1678
1762
1342
922
1216
1636
1258
1257
1341
1425
1467
1593
1761
333
335
839
587
545
629
797
1175
881
671
713
755
965
1007
1217
1133
1091
1427
1553
923
1259
1385
1469
1511
1595
1721
1763
1679
503
504
630
672
420
462
1008
1344
1470
1638
1386
1176
1260
1512
1764
1428
1596
1050
1092
1722
1302
1301
1343
1637
1631
1757
1727
1139
425
509
131
133
301
300
342
384
678
674
716
1010
1262
1304
1346
1388
1598
1597
1639
1681
1513
295
304
430
136
135
303
345
471
597
591
675
801
1011
1053
969
759
381
717
885
927
1389
1515
1095
1094
1136
1142
1058
1394
1184
1016
1226
1268
932
933
723
513
507
517
223
97
99
15
6
1644
1728
972
1392
1686
1560
1308
1309
1393
1351
1435
1561
1141
1015
805
469
175
1225
1267
1519
973
976
1060
934
766
262
265
266
308
306
852
684
348
516
515
641
725
767
935
977
1061
1229
1397
1396
1102
1101
1185
1731
1647
1645
1687
1729
259
270
522
690
683
809
851
893
11
95
137
221
347
389
473
468
762
636
1056
804
930
1014
1140
1224
1518
1350
1098
1182
1266
1434
1476
1602
510
512
554
596
680
722
848
974
218
228
219
555
639
429
431
599
1103
557
553
931
847
679
721
889
1057
1099
1183
637
595
763
764
806
260
255
633
843
1263
1305
1347
1431
1557
1221
1137
1473
1179
1178
1556
1514
1724
1052
1682
1640
1220
2
548
506
511
343
91
92
87
297
299
341
340
424
298
172
177
9
22
3
4
21
19
17
353
395
391
1735
1736
1694
1568
1484
1442
1358
1359
1401
1107
1023
855
603
519
1737
1527
1275
1233
1149
1065
771
772
814
730
604
520
226
100
394
856
352
184
310
688
646
436
268
142
58
55
1189
1273
1567
1483
1609
1525
1526
1610
1400
1064
1232
1274
1148
1022
980
938
770
728
644
645
561
729
687
225
267
813
351
393
477
435
309
305
1649
1565
1691
1523
1355
1357
1231
1441
1693
1147
1399
1315
1316
1190
392
390
1356
1734
1608
1524
1482
1692
1650
1440
1398
1566
1272
1230
1146
1062
1063
895
853
811
601
606
564
560
896
686
602
854
1106
812
350
182
185
180
810
558
894
1314
1188
978
642
600
726
768
1104
1020
936
937
979
769
475
307
311
647
638
1310
1311
1689
1690
1732
1606
1438
1564
1312
1313
1271
1187
1607
1733
1481
1439
1145
1019
1021
1105
559
727
685
643
433
139
128
170
254
380
464
86
212
296
44
46
550
88
89
173
677
676
970
1096
1222
1138
508
634
928
1012
718
1264
1390
760
466
802
844
886
1180
1306
1054
1348
1474
1684
1432
1516
1726
1600
1599
1604
1605
1479
1480
1648
1522
1186
1018
1270
1144
892
808
724
682
640
556
346
1354
1228
598
514
388
385
1603
1477
1478
1730
1520
1436
1352
1688
1646
1100
1562
1563
1521
1437
1269
1143
891
1227
975
1059
1017
765
807
681
261
1395
1353
849
850
472
474
12
54
50
49
48
258
263
179
176
302
428
426
552
216
594
846
888
720
719
761
383
215
214
220
217
427
422
800
926
632
758
884
338
344
134
130
256
382
592
590
842
968
1472
1430
1429
1345
1471
1219
127
589
631
673
505
253
211
883
799
715
1093
841
1009
1051
757
379
463
1387
1303
1261
967
547
421
337
169
43
51
53
47
257
1349
1391
1643
1685
1475
1601
1559
1558
1642
1641
1725
1723
925
1135
1555
1177
1218
966
546
882
840
714
378
336
756
924
1134
798
588
168
141
1611
1191
939
897
1317
1443
1444
1654
1486
1402
1192
1234
1150
1570
1360
1276
1066
478
16
562
1738
1696
1612
1528
1318
1024
982
898
1108
940
941
605
563
437
438
354
312
313
859
649
271
269
521
227
143
101
59
67
60
18
10
94
98
85
-1
EOF
